[header]
width=40
height=15
tilewidth=21
tileheight=21
orientation=orthogonal

[tilesets]
tileset=spritesheet.png,21,21,0,0

[layer]
type=Tile Layer 1
data=
0,0,0,0,0,0,0,0,0,0,0,0,0,0,0,0,0,0,0,0,0,0,0,0,0,0,0,0,0,0,0,0,0,0,0,0,0,0,0,0,
0,0,0,0,0,0,0,0,0,0,0,0,0,0,0,0,0,0,0,0,0,0,0,0,0,0,0,0,0,0,0,0,0,0,0,0,0,0,0,0,
0,0,0,0,48,0,0,0,0,0,0,0,0,0,0,0,48,0,0,0,0,0,0,0,0,0,0,0,48,0,0,0,0,0,0,0,0,48,0,0,
0,0,0,0,0,0,0,0,0,0,0,0,0,0,0,0,0,0,0,0,0,0,0,0,0,0,0,0,0,0,0,0,0,0,0,0,0,0,0,0,
0,0,0,0,0,0,0,0,48,0,0,0,0,48,0,0,0,0,0,0,48,0,0,0,0,0,0,0,0,0,0,0,0,0,0,0,0,0,0,0,
0,0,48,0,0,0,0,0,0,0,0,0,0,0,0,0,0,0,0,0,0,0,0,0,0,0,48,0,0,0,0,0,0,0,48,0,0,0,0,0,
0,0,0,0,0,0,0,0,0,0,0,0,0,0,0,0,0,0,0,0,0,0,0,0,0,0,0,0,0,0,0,0,0,0,0,0,0,0,48,0,
0,0,0,0,0,0,48,0,0,0,0,0,0,0,18,0,0,0,0,0,0,0,101,102,0,0,0,0,0,0,0,0,0,0,0,0,0,0,0,0,
0,0,438,0,0,0,0,0,0,0,0,0,126,124,124,156,0,0,0,0,0,127,125,159,160,0,0,0,0,130,279,244,248,0,0,0,0,0,0,0,
0,438,468,439,0,0,0,0,0,0,197,439,0,0,0,0,0,0,0,0,127,157,213,0,0,0,0,0,0,0,0,273,278,248,0,0,0,0,0,0,
0,468,468,228,0,256,0,18,0,47,468,469,0,0,18,0,0,18,0,127,157,153,213,71,71,71,71,71,71,71,71,155,273,278,248,0,49,254,0,0,
124,124,124,124,124,124,124,124,124,124,124,124,124,124,124,124,124,124,124,153,153,153,153,153,153,153,153,153,213,153,213,153,153,273,153,244,244,244,244,244,
153,153,153,153,153,153,153,153,153,153,153,153,153,153,153,153,153,153,153,153,153,153,273,153,153,273,153,153,153,153,153,273,153,153,273,153,273,273,273,273,
153,153,153,153,153,153,153,153,153,153,153,153,153,153,153,153,153,153,153,153,153,153,153,153,153,153,153,153,153,273,153,153,153,153,153,153,153,153,273,273,
153,153,153,153,153,153,153,153,153,153,153,153,153,153,153,153,153,153,153,153,273,153,153,153,153,153,153,213,153,153,153,153,153,273,153,153,153,153,153,273

[Object Layer]
# Player
type=Player
location=2,11,1,1
alive=true
contact=0 0 1 0

[Object Layer]
# Enemy
type=Snail
location=13,8,1,1
alive=true
contact=0 0 1 0

