[header]
width=15
height=15
tilewidth=21
tileheight=21
orientation=orthogonal

[tilesets]
tileset=../../Platformer/NYUCodebase/spritesheet.png,21,21,0,0

[layer]
type=Tile Layer 1
data=
0,0,0,0,0,0,0,0,0,0,0,0,0,0,0,
0,0,0,0,0,0,0,0,0,0,0,0,0,0,0,
0,0,0,0,0,0,0,0,0,0,0,0,0,0,0,
0,0,0,0,0,0,0,0,0,0,0,0,0,0,0,
379,0,0,0,0,0,0,0,0,0,0,0,0,0,379,
408,0,0,0,0,0,0,0,0,0,0,0,0,0,408,
408,0,0,0,0,0,0,0,0,0,0,0,0,0,408,
408,0,0,0,0,0,0,0,0,0,0,0,0,0,408,
408,0,0,0,0,0,0,0,0,0,0,0,0,0,408,
408,0,0,0,0,0,0,0,0,0,0,0,0,0,408,
408,0,378,0,0,0,0,0,0,0,0,0,378,0,408,
408,0,408,0,0,0,0,0,0,0,0,0,408,0,408,
408,0,408,0,378,0,0,0,0,0,378,0,408,0,408,
408,0,408,0,408,0,317,0,318,0,408,0,408,0,408,
124,124,124,124,124,124,124,124,124,124,124,124,124,124,124

[Object Layer]
# Player
type=Player
location=2,14,1,1

[Object Layer]
# Boss
type=Boss
location=11,14,1,1

